2025年吉林省普通高校招生考试物理-普通1分段表(含照顾分)
分数 +9 +8 +7 +6 +5 +4 +3 +2 +1 +0
700 11 12 14 16 19
690 23 25 30 37 44 49 53 59 69 76
680 80 84 91 97 107 112 117 125 138 149
670 166 183 202 229 256 277 299 312 332 351
660 370 390 417 438 460 498 533 571 603 634
650 673 706 749 777 821 867 906 954 1007 1045
640 1091 1138 1187 1252 1299 1354 1410 1489 1555 1618
630 1679 1742 1814 1884 1953 2025 2104 2175 2255 2344
620 2402 2492 2572 2664 2761 2842 2951 3040 3139 3220
610 3336 3450 3549 3646 3741 3842 3945 4071 4183 4305
600 4428 4527 4656 4783 4904 5028 5137 5277 5404 5529
590 5663 5798 5939 6091 6222 6384 6546 6709 6858 7007
580 7168 7336 7512 7648 7806 7970 8123 8295 8467 8621
570 8814 8977 9138 9342 9528 9715 9871 10038 10198 10382
560 10573 10750 10948 11138 11340 11509 11706 11931 12132 12338
550 12517 12702 12878 13097 13293 13530 13722 13931 14127 14328
540 14551 14775 14999 15214 15413 15624 15828 16042 16249 16442
530 16646 16883 17089 17331 17587 17828 18072 18305 18538 18770
520 19040 19267 19484 19729 19978 20217 20473 20714 20966 21196
510 21430 21673 21908 22134 22372 22630 22882 23107 23366 23643
500 23905 24184 24448 24684 24980 25228 25490 25722 26023 26306
490 26594 26870 27140 27417 27666 27931 28205 28486 28743 29048
480 29318 29593 29895 30171 30450 30727 31004 31275 31557 31859
470 32117 32377 32637 32954 33219 33511 33795 34050 34343 34651
460 34959 35273 35541 35819 36128 36420 36686 36973 37266 37576
450 37904 38202 38506 38815 39104 39384 39671 39998 40315 40599
2025年吉林省普通高校招生考试物理-普通1分段表(含照顾分)
分数 +9 +8 +7 +6 +5 +4 +3 +2 +1 +0
440 40957 41252 41575 41859 42147 42482 42786 43111 43368 43673
430 43976 44262 44575 44881 45161 45451 45764 46087 46398 46698
420 46989 47283 47554 47870 48141 48456 48736 49045 49343 49638
410 49961 50253 50519 50809 51093 51377 51692 52024 52335 52624
400 52906 53213 53486 53749 54030 54321 54576 54866 55149 55396
390 55692 55949 56221 56505 56799 57064 57354 57630 57889 58141
380 58409 58650 58906 59187 59488 59779 60024 60287 60541 60804
370 61023 61283 61536 61787 62030 62285 62546 62789 63014 63256
360 63497 63728 63947 64184 64428 64649 64880 65089 65335 65518
350 65696 65925 66113 66310 66526 66723 66904 67088 67278 67486
340 67704 67914 68090 68302 68488 68666 68853 69037 69228 69405
330 69588 69752 69928 70084 70278 70437 70591 70757 70916 71092
320 71268 71435 71589 71759 71904 72048 72171 72307 72452 72586
310 72729 72882 72999 73107 73231 73352 73500 73619 73729 73864
300 73993 74104 74208 74300 74413 74529 74623 74731 74829 74928
290 75022 75118 75217 75306 75395 75483 75571 75649 75744 75830
280 75913 75983 76074 76138 76205 76282 76362 76444 76525 76596
270 76661 76712 76768 76824 76901 76966 77020 77088 77137 77181
260 77238 77281 77331 77372 77420 77470 77520 77569 77596 77640
250 77685 77723 77763 77803 77833 77877 77919 77946 77972 78006
240 78032 78067 78105 78137 78167 78185 78212 78241 78275 78292
230 78319 78344 78360 78382 78403 78432 78454 78478 78501 78524
220 78545 78557 78569 78592 78610 78627 78643 78657 78673 78687
210 78693 78713 78722 78728 78734 78740 78753 78760 78776 78789
200 78800 78816 78823 78831 78838 78843 78848 78856 78867 78877
190 78885 78888 78894 78896 78903 78905 78911 78915 78917 78921
2025年吉林省普通高校招生考试物理-普通1分段表(含照顾分)
分数 +9 +8 +7 +6 +5 +4 +3 +2 +1 +0
180 78926 78933 78937 78940 78943 78947 78949 78950 78952 78953
170 78955 78958 78961 78966 78972 78973 78975 78977 78979 78981
160 78985 78990 78992 78995 78995 78995 78997 79004 79004 79004
150 79004 79005 79007 79009 79010 79014 79014 79014 79017 79018
140 79018 79018 79018 79018 79020 79023 79024 79025 79025 79027
130 79029 79030 79032 79033 79033 79034 79034 79034 79034 79034
120 79034 79035 79036 79039 79040 79040 79042 79042 79042 79044
110 79044 79047 79047 79049 79050 79050 79050 79050 79050 79051
100 79052 79053 79054 79054 79054 79054 79054 79054 79055 79057
90 79057 79058 79062 79062 79062 79063 79063 79065 79065 79065
80 79065 79065 79067 79067 79067 79067 79067 79067 79068 79069
70 79069 79069 79070 79070 79071 79071 79072 79072 79072 79072
60 79072 79073 79073 79073 79073 79074 79075 79076 79077 79079
50 79081 79081 79081 79081 79082 79083 79083 79084 79085 79086
40 79087 79087 79087 79087 79087 79087 79087 79087 79087 79089
30 79090 79090 79090 79091 79091 79091 79091 79091 79091 79091
20 79091 79091 79091 79091 79092 79092 79093 79094 79094 79094
10 79094 79094 79095 79095 79095 79095 79095 79095 79095 79095
0 79096 79096 79097 79097 79097 79097 79098 79098 79098 80421